-3.57775866e-08  5.57033288e-05  3.72982244e-01  1.58695085e+02
-3.57775866e-08  5.57033288e-05  3.72982244e-01  1.58695085e+02
-3.57775866e-08  5.57033288e-05  3.72982244e-01  1.58695085e+02
-3.57775866e-08  5.57033288e-05  3.72982244e-01  1.58695085e+02
-2.90079262e-08  4.56628743e-05  3.77773916e-01  1.57969703e+02
4.82592835e-08 -6.23349027e-05  4.21512926e-01  1.51494740e+02
4.82592835e-08 -6.23349027e-05  4.21512926e-01  1.51494740e+02
5.72478599e-08 -7.53633682e-05  4.27524297e-01  1.50631574e+02
2.99428494e-08 -3.64607854e-05  4.06860041e-01  1.53042709e+02
2.99428494e-08 -3.64607854e-05  4.06860041e-01  1.53042709e+02
2.99428494e-08 -3.64607854e-05  4.06860041e-01  1.53042709e+02
2.21898837e-08 -3.13464253e-05  4.01206598e-01  1.53580975e+02
2.21898837e-08 -3.13464253e-05  4.01206598e-01  1.53580975e+02
1.25710567e-08 -1.60442663e-05  3.93488914e-01  1.54785044e+02
3.25729407e-08 -4.08359069e-05  3.99201054e-01  1.53873063e+02
3.25729407e-08 -4.08359069e-05  3.99201054e-01  1.53873063e+02
3.25729407e-08 -4.08359069e-05  3.99201054e-01  1.53873063e+02
3.25729407e-08 -4.08359069e-05  3.99201054e-01  1.53873063e+02
1.89574518e-08 -2.31629114e-05  3.91910036e-01  1.54837570e+02
2.81620753e-08 -3.66257507e-05  3.98234042e-01  1.53898013e+02