-2.04457693e-08  2.43095784e-05  4.01970342e-01  1.89152912e+02
4.79360726e-08 -5.21170119e-05  4.28168774e-01  1.86444986e+02
6.17217234e-08 -7.10628498e-05  4.36184461e-01  1.85474525e+02
2.22337133e-09 -2.76111964e-07  4.09984343e-01  1.88430925e+02
-1.44824638e-08  1.41987562e-05  4.06322230e-01  1.88725207e+02
-1.44824638e-08  1.41987562e-05  4.06322230e-01  1.88725207e+02
-9.87159478e-09  8.13873737e-06  4.08780907e-01  1.88433648e+02
-1.74225856e-08  1.40898471e-05  4.07916375e-01  1.88434145e+02
-1.74239837e-09  8.37845277e-07  4.11111115e-01  1.88242679e+02
4.32434096e-08 -4.95898714e-05  4.29093572e-01  1.86252896e+02
4.32434096e-08 -4.95898714e-05  4.29093572e-01  1.86252896e+02
3.70373089e-08 -4.24998192e-05  4.26602234e-01  1.86531136e+02
3.57540361e-08 -3.57754013e-05  4.23540928e-01  1.86892526e+02